height: 480
width: 640
distortion_model: "plumb_bob"
D: [0.0, 0.0, 0.0, 0.0, 0.0]
K: [383.7944641113281, 0.0, 322.3056945800781, 0.0, 383.7944641113281, 241.67051696777344, 0.0, 0.0, 1.0]
R: [1.0, 0.0, 0.0, 0.0, 1.0, 0.0, 0.0, 0.0, 1.0]
P: [383.7944641113281, 0.0, 322.3056945800781, 0.0, 0.0, 383.7944641113281, 241.67051696777344, 0.0, 0.0, 0.0, 1.0, 0.0]
binning_x: 0
binning_y: 0
roi: 
  x_offset: 0
  y_offset: 0
  height: 0
  width: 0
  do_rectify: False
---

